0 2
62
576
3
291 6
118 8
610
165 15
364
61 10
45
169 12
40 18
91 20
127
76 26
125
951
570
241
218 30
99 27
415 31
285 32
67 36
929 37
92
153 46
344 47
797 44
105 49
70
150 51
176
28
1
4
167
799
265
270 52
247
255
471 53
9
22
775
401 54
106
511 57
11
298
19
114 55
48
160 58
468
202
248 64
433
34
175 59
113
242 65
146 66
181
129 68
304 71
166
296
262 69
200 72
388 79
103
286
78
204 82
50
93 80
162 84
81
450
228
87
155 86
193
773 85
350 88
779
995 94
219
278
116 95
145
768
408 96
457
267
692
765 97
120
638
937 101
38
735 102
802
139
130 104
111
423
756
524 108
947 115
216
183 117
134 119
467
194
179
195 123
161 124
189
373 126
121
201
572 128
138 137
387
17
991 131
982 133
654
109
820
359 143
89
288 144
13
606
230
497
207 147
23
567
596
171 151
372 152
287
211
490 156
227 157
630 158
451
745
98
140
664 168
896
480
222
514
869
355 172
226 163
272
609 173
499
723
627
203
21
860
5
434 180
416
414 185
438 182
746
170
35
358
233
455 188
622 190
178
279
413 199
409 191
236 198
488
244 206
907
347
329
376 214
504
522 221
313
402 215
209
720 223
472
261
628 224
484 231
619 234
436
196
100
74
368 237
444 238
404
370
159
578 243
681 246
509
557
573 249
956 250
808 252
73
743
532
149
546
7
614
295 253
29
676 256
197
60
840 263
271 257
425
41
605
964
591
513 259
665 264
481 266
789 269
411
148
245
210
406
446
924
391
443 273
835 280
90
314
744 289
205
662 290
367
302
505
63
410 297
369
953 306
703 310
83
659 307
77
806 318
521 322
625 321
539
508
574
544 324
292
648
702
348
439
923
323
39
858 330
707
458 331
136
43
424 327
274
301
459 335
281
341 336
661 337
562 338
320
670 339
912 343
800 345
187
550
217
553 353
462
383 363
164
311
447 365
706
737 366
407 371
392 375
378
432 382
530
25
529 384
602
208
645
569
184
755
616
75
142
328
393
225
836
277
254
710 385
469 386
949 390
792
988 394
498 395
421
817 398
437 399
260
24
761
251
637 403
283
461 405
861 417
284
581 418
494 419
585 422
299
525 426
579 427
463
552 428
679
819
759 445
595 449
875
240
825 452
478 454
644
309
536
714 464
794 465
325
352
726 466
381
848
174
704
582 470
503 474
315
212
624 475
16
135
487 476
652
132
112
14
229
232
275
533
728
653 482
899
239
389
816 492
760 495
519
235
396
294
517 496
549
177
312
803
485
921
809
711 501
584
412
56
305
356
334
506
303
282
456
154
483
824 510
838 512
977 518
894 523
441
342
360
473
500
647
561
192
565
732
615 527
435
268
516
107
258
688
715 528
349
814 534
936
551
493
631 535
316
736
617 537
992
641
110
801 542
566 543
629
626
893
885 545
870
663
604
577 547
853 548
575
970
479
559
477
33
361
770 558
740 563
597
795 564
571 568
926
754
300
810 580
586 583
507
430
333
612 587
712
431
556
351
357
317
486
632 590
733
362
440
719
769 589
646
141
994
862 598
122
538
599 600
718
354
332
778
340
683 601
697 603
747
668 607
678
213
442
420
594
830
502
623
397
950
889
636 608
326
429
788 618
990 620
751 633
727
613
400
293
489
649
531
687
379
634 635
738
996 651
541
942
186
276
42
491
319
220
540
346
377
781 643
675 657
448
682
667
560
771
818 660
857 666
588
846 673
939
526
554
611
741
674 684
621
520
867
767
774 685
933
655
374
672
686 689
831
833 696
913
555
592
717 695
671
701 698
815
757
752 699
782 700
650
680
881 705
786
876 709
725
593
750 716
843
453
888
753 721
804
872 731
460
784
766
813 749
887
724
693
656
805 758
834 762
908
785
901 763
690
729
812
777
669
865
827
722
978
708
886
811
841 783
677
515
850
791
839
790
742
640
821
764
713
822
897 793
837 796
957 798
739
920 828
975
832 847
844
823
852
878
829
880
922
842
954
891 856
855
380
903 866
658
691
787
874
772
859
849
639
919 868
997
864
932 871
845
851
935
694
854
960 873
918 879
930 883
927 882
734
884 892
748
906
952 898
308
730
934 902
895
928 904
915 909
905
931
971
807
945 910
984 941
642
863
917
961 911
940 916
955
780
962
900
967 943
925
938
998
890
826
914
877
776
944
946 958
965 968
973 974
993 980
959
948
986
987
963
981 979
969
985 999
966
983
972
976
989
